Nombres lignes et colonnes :
4
4
Coup actuel :
21
Tableau :
0
0
0
0
0
0
0
0
0
0
0
2
0
0
0
2
0
0
0
0
0
0
0
0
2
2
0
0
2
0
0
0
4
2
0
0
0
0
0
0
0
0
0
0
0
0
0
2
4
2
0
0
0
0
0
2
0
0
0
0
2
0
0
0
4
2
0
0
2
0
0
0
0
0
0
0
2
2
0
0
4
2
0
0
2
0
0
0
2
0
0
0
4
0
0
0
4
2
0
2
8
0
0
0
0
0
0
0
0
0
0
0
0
0
0
0
0
0
0
0
4
2
0
0
8
2
0
2
0
0
0
0
0
0
0
0
4
2
0
0
8
4
2
0
0
2
0
0
0
0
0
0
0
0
4
2
0
8
4
2
0
2
8
4
0
8
0
0
0
0
0
0
0
0
0
2
2
8
4
0
8
0
0
0
0
0
2
0
2
0
0
0
2
8
4
0
8
0
0
2
2
0
0
0
2
0
0
0
0
0
0
0
2
2
0
0
8
0
0
0
4
8
4
2
0
0
0
0
0
0
0
4
2
0
0
8
4
8
4
2
0
0
0
0
4
2
0
0
2
8
0
0
4
8
4
2
4
2
4
2
2
16
0
2
4
0
0
0
0
0
0
0
4
2
4
2
2
16
2
0
4
0
0
0
0
4
0
0
4
2
4
2
2
16
2
0
4
4
0
0
0
0
2
0
4
2
4
2
2
16
2
0
8
0
0
0
2
0
0
2
4
2
4
2
2
16
2
0
8
0
0
2
4
0
0
0
4
2
4
2
2
16
2
0
8
2
0
0
4
2
0
0
Numéro couleurs actuelles :
0
Score et maxscore :
72
72
Historique déplacements :
0xb363a38
0xb365a40
